ns = 0.9613610125820183 , Measured: 0.9649+-0.0042
r = 0.01174092423826983 , r<0.056
e-folds = 51.403751805563985
ns = 0.9613522330835857 , Measured: 0.9649+-0.0042
r = 0.011745501158267509 , r<0.056
e-folds = 51.403730337159026
